GO:0005856	GO:0043233;GO:0070013	GO:0005604;GO:0062023	GO:0005796	GO:0005769	GO:0031526	GO:0005654	GO:0005739	GO:0030054	GO:0031012	GO:0031226;GO:0005887	GO:0005623	GO:0120025	GO:0031410	GO:0005789	GO:0009986	GO:0005764;GO:0000323;GO:0005773	GO:0099513	GO:0031253	GO:0005768	GO:0030659;GO:0012506	GO:0005581	GO:0005802;GO:0098791	GO:0098588	GO:0005938	GO:0005794	GO:0016323	GO:0030667	GO:0031225	GO:0030424;GO:0043005	GO:0031966	GO:0098796	GO:0016324	GO:0098590	GO:0031090	GO:0005730	GO:0005743;GO:0019866	GO:0030425	GO:0043232	GO:0005783
0	0.800	1.000	1.000	1.000	1.000	0.800	0.800	1.000	1.000	0.800	0.800	0.600	0.600	1.000	0.800	1.000	1.000	1.000	1.000	1.000	1.000	1.000	0.800	1.000	0.600	1.000	1.000	1.000	1.000	0.800	1.000	0.600	0.600	0.800	1.000	0.800	1.000	0.400	0.800
0.800	0	0.778	0.000	1.000	0.400	0.923	0.800	0.889	0.846	0.923	0.846	1.000	0.846	1.000	0.846	1.000	1.000	0.571	0.833	1.000	1.000	0.875	1.000	1.000	0.769	1.000	1.000	0.875	0.769	0.857	1.000	0.600	0.692	0.923	1.000	0.800	0.625	1.000	0.769
1.000	0.778	0	0.600	1.000	1.000	1.000	1.000	0.667	0.333	1.000	1.000	1.000	1.000	1.000	1.000	1.000	1.000	1.000	1.000	1.000	1.000	0.625	1.000	0.500	1.000	1.000	1.000	1.000	1.000	1.000	1.000	1.000	0.667	1.000	1.000	1.000	1.000	1.000	1.000
1.000	0.000	0.600	0	1.000	1.000	1.000	1.000	0.800	0.600	0.800	1.000	1.000	1.000	1.000	1.000	1.000	1.000	1.000	1.000	1.000	1.000	0.800	1.000	1.000	0.800	1.000	1.000	0.800	1.000	1.000	1.000	0.800	0.800	1.000	1.000	1.000	1.000	1.000	1.000
1.000	1.000	1.000	1.000	0	1.000	0.833	0.833	1.000	1.000	1.000	1.000	0.833	0.000	1.000	0.833	1.000	0.600	1.000	0.000	0.667	1.000	0.833	1.000	1.000	0.667	1.000	1.000	1.000	1.000	0.833	1.000	1.000	1.000	0.667	0.833	1.000	1.000	0.833	0.667
1.000	0.400	1.000	1.000	1.000	0	1.000	1.000	1.000	1.000	0.800	0.600	1.000	0.400	1.000	0.600	1.000	1.000	0.000	0.400	1.000	1.000	1.000	1.000	1.000	0.600	0.800	1.000	1.000	0.400	1.000	1.000	0.200	0.200	1.000	1.000	1.000	0.400	1.000	0.600
0.800	0.923	1.000	1.000	0.833	1.000	0	0.900	1.000	1.000	1.000	0.933	0.714	0.800	1.000	1.000	1.000	0.800	0.857	0.917	1.000	1.000	1.000	0.933	0.833	0.857	1.000	1.000	1.000	0.929	1.000	1.000	1.000	1.000	0.867	0.625	1.000	1.000	0.692	0.933
0.800	0.800	1.000	1.000	0.833	1.000	0.900	0	0.889	1.000	0.900	0.900	1.000	0.900	0.800	1.000	0.900	0.800	1.000	0.900	0.900	1.000	0.875	0.900	1.000	1.000	0.857	1.000	1.000	1.000	0.429	1.000	0.900	0.900	0.500	1.000	0.600	1.000	1.000	0.800
1.000	0.889	0.667	0.800	1.000	1.000	1.000	0.889	0	0.889	0.778	0.889	1.000	0.889	0.889	0.889	1.000	0.800	1.000	1.000	1.000	1.000	1.000	0.889	0.667	0.889	0.857	1.000	0.875	0.889	0.714	1.000	1.000	0.667	0.778	1.000	0.800	1.000	1.000	0.889
1.000	0.846	0.333	0.600	1.000	1.000	1.000	1.000	0.889	0	1.000	1.000	1.000	1.000	1.000	0.882	1.000	1.000	1.000	1.000	0.933	0.609	0.375	0.938	0.833	1.000	1.000	1.000	0.750	0.929	1.000	1.000	1.000	0.947	0.957	1.000	1.000	0.875	1.000	1.000
0.800	0.923	1.000	0.800	1.000	0.800	1.000	0.900	0.778	1.000	0	0.900	0.857	0.895	0.909	0.765	1.000	0.800	0.714	0.917	1.000	1.000	1.000	0.938	1.000	1.000	0.571	1.000	1.000	1.000	0.857	0.600	0.500	0.632	0.950	1.000	1.000	1.000	1.000	1.000
0.800	0.846	1.000	1.000	1.000	0.600	0.933	0.900	0.889	1.000	0.900	0	0.857	0.789	0.909	0.882	0.900	0.800	0.714	0.750	1.000	0.750	1.000	0.938	1.000	0.714	0.857	1.000	1.000	0.857	0.857	1.000	0.800	0.842	0.950	1.000	1.000	0.750	0.923	0.900
0.600	1.000	1.000	1.000	0.833	1.000	0.714	1.000	1.000	1.000	0.857	0.857	0	0.429	1.000	0.714	1.000	0.400	0.857	0.857	0.714	1.000	1.000	0.714	0.833	0.429	1.000	0.857	1.000	0.857	1.000	1.000	0.857	0.857	0.571	1.000	1.000	1.000	0.714	0.857
0.600	0.846	1.000	1.000	0.000	0.400	0.800	0.900	0.889	1.000	0.895	0.789	0.429	0	1.000	0.765	0.842	0.400	0.429	0.000	0.867	1.000	0.750	0.938	0.833	0.429	0.857	1.000	1.000	0.643	0.857	1.000	0.600	0.789	0.842	0.875	1.000	0.500	0.769	0.684
1.000	1.000	1.000	1.000	1.000	1.000	1.000	0.800	0.889	1.000	0.909	0.909	1.000	1.000	0	1.000	1.000	0.800	1.000	1.000	0.636	1.000	1.000	0.545	1.000	0.909	1.000	0.556	1.000	0.909	0.857	1.000	1.000	1.000	0.000	1.000	1.000	1.000	1.000	0.455
0.800	0.846	1.000	1.000	0.833	0.600	1.000	1.000	0.889	0.882	0.765	0.882	0.714	0.765	1.000	0	1.000	1.000	0.571	0.750	0.733	1.000	1.000	0.875	1.000	0.714	1.000	0.556	0.375	0.786	1.000	1.000	0.700	0.824	0.765	1.000	1.000	0.625	0.923	0.765
1.000	1.000	1.000	1.000	1.000	1.000	1.000	0.900	1.000	1.000	1.000	0.900	1.000	0.842	1.000	1.000	0	1.000	1.000	0.750	1.000	1.000	1.000	1.000	1.000	0.857	0.857	1.000	1.000	1.000	1.000	1.000	0.900	0.947	1.000	0.875	1.000	1.000	0.923	0.810
1.000	1.000	1.000	1.000	0.600	1.000	0.800	0.800	0.800	1.000	0.800	0.800	0.400	0.400	0.800	1.000	1.000	0	0.800	0.600	0.600	1.000	1.000	0.800	0.800	0.600	1.000	0.800	1.000	0.800	0.800	1.000	1.000	1.000	0.200	1.000	1.000	1.000	1.000	1.000
1.000	0.571	1.000	1.000	1.000	0.000	0.857	1.000	1.000	1.000	0.714	0.714	0.857	0.429	1.000	0.571	1.000	0.800	0	0.571	1.000	1.000	1.000	1.000	0.833	0.571	0.857	1.000	1.000	0.571	1.000	1.000	0.429	0.429	0.857	1.000	1.000	0.571	1.000	0.714
1.000	0.833	1.000	1.000	0.000	0.400	0.917	0.900	1.000	1.000	0.917	0.750	0.857	0.000	1.000	0.750	0.750	0.600	0.571	0	0.833	1.000	0.875	1.000	1.000	0.583	0.857	1.000	1.000	0.833	0.857	1.000	0.700	0.750	0.833	0.875	1.000	0.750	0.917	0.667
1.000	1.000	1.000	1.000	0.667	1.000	1.000	0.900	1.000	0.933	1.000	1.000	0.714	0.867	0.636	0.733	1.000	0.600	1.000	0.833	0	0.933	0.875	0.467	0.833	0.929	1.000	0.000	0.500	0.929	0.857	1.000	1.000	1.000	0.000	1.000	1.000	1.000	1.000	0.933
1.000	1.000	1.000	1.000	1.000	1.000	1.000	1.000	1.000	0.609	1.000	0.750	1.000	1.000	1.000	1.000	1.000	1.000	1.000	1.000	0.933	0	1.000	0.938	1.000	1.000	1.000	1.000	1.000	1.000	1.000	1.000	1.000	1.000	0.960	1.000	1.000	1.000	1.000	1.000
1.000	0.875	0.625	0.800	0.833	1.000	1.000	0.875	1.000	0.375	1.000	1.000	1.000	0.750	1.000	1.000	1.000	1.000	1.000	0.875	0.875	1.000	0	1.000	1.000	0.875	1.000	1.000	1.000	0.875	0.857	1.000	1.000	1.000	0.875	1.000	1.000	0.875	1.000	0.750
0.800	1.000	1.000	1.000	1.000	1.000	0.933	0.900	0.889	0.938	0.938	0.938	0.714	0.938	0.545	0.875	1.000	0.800	1.000	1.000	0.467	0.938	1.000	0	0.667	0.857	0.857	0.444	1.000	0.929	0.857	1.000	1.000	0.938	0.375	1.000	0.800	1.000	0.923	0.938
1.000	1.000	0.500	1.000	1.000	1.000	0.833	1.000	0.667	0.833	1.000	1.000	0.833	0.833	1.000	1.000	1.000	0.800	0.833	1.000	0.833	1.000	1.000	0.667	0	0.833	1.000	1.000	1.000	1.000	1.000	1.000	1.000	0.500	0.667	1.000	1.000	1.000	1.000	1.000
0.600	0.769	1.000	0.800	0.667	0.600	0.857	1.000	0.889	1.000	1.000	0.714	0.429	0.429	0.909	0.714	0.857	0.600	0.571	0.583	0.929	1.000	0.875	0.857	0.833	0	1.000	1.000	1.000	0.857	1.000	1.000	0.700	0.786	0.786	1.000	1.000	0.750	0.846	0.500
1.000	1.000	1.000	1.000	1.000	0.800	1.000	0.857	0.857	1.000	0.571	0.857	1.000	0.857	1.000	1.000	0.857	1.000	0.857	0.857	1.000	1.000	1.000	0.857	1.000	1.000	0	1.000	1.000	1.000	0.857	1.000	0.714	0.000	0.857	1.000	0.800	1.000	1.000	1.000
1.000	1.000	1.000	1.000	1.000	1.000	1.000	1.000	1.000	1.000	1.000	1.000	0.857	1.000	0.556	0.556	1.000	0.800	1.000	1.000	0.000	1.000	1.000	0.444	1.000	1.000	1.000	0	0.500	0.889	1.000	1.000	1.000	1.000	0.000	1.000	1.000	1.000	1.000	1.000
1.000	0.875	1.000	0.800	1.000	1.000	1.000	1.000	0.875	0.750	1.000	1.000	1.000	1.000	1.000	0.375	1.000	1.000	1.000	1.000	0.500	1.000	1.000	1.000	1.000	1.000	1.000	0.500	0	0.875	1.000	1.000	1.000	1.000	0.500	1.000	1.000	0.875	1.000	1.000
1.000	0.769	1.000	1.000	1.000	0.400	0.929	1.000	0.889	0.929	1.000	0.857	0.857	0.643	0.909	0.786	1.000	0.800	0.571	0.833	0.929	1.000	0.875	0.929	1.000	0.857	1.000	0.889	0.875	0	1.000	1.000	0.700	0.786	0.857	1.000	1.000	0.000	1.000	0.643
0.800	0.857	1.000	1.000	0.833	1.000	1.000	0.429	0.714	1.000	0.857	0.857	1.000	0.857	0.857	1.000	1.000	0.800	1.000	0.857	0.857	1.000	0.857	0.857	1.000	1.000	0.857	1.000	1.000	1.000	0	1.000	1.000	0.857	0.000	1.000	0.000	1.000	0.857	0.857
1.000	1.000	1.000	1.000	1.000	1.000	1.000	1.000	1.000	1.000	0.600	1.000	1.000	1.000	1.000	1.000	1.000	1.000	1.000	1.000	1.000	1.000	1.000	1.000	1.000	1.000	1.000	1.000	1.000	1.000	1.000	0	1.000	1.000	1.000	1.000	1.000	1.000	1.000	1.000
0.600	0.600	1.000	0.800	1.000	0.200	1.000	0.900	1.000	1.000	0.500	0.800	0.857	0.600	1.000	0.700	0.900	1.000	0.429	0.700	1.000	1.000	1.000	1.000	1.000	0.700	0.714	1.000	1.000	0.700	1.000	1.000	0	0.000	1.000	1.000	1.000	0.625	0.900	0.700
0.600	0.692	0.667	0.800	1.000	0.200	1.000	0.900	0.667	0.947	0.632	0.842	0.857	0.789	1.000	0.824	0.947	1.000	0.429	0.750	1.000	1.000	1.000	0.938	0.500	0.786	0.000	1.000	1.000	0.786	0.857	1.000	0.000	0	0.947	1.000	0.800	0.625	0.923	0.842
0.800	0.923	1.000	1.000	0.667	1.000	0.867	0.500	0.778	0.957	0.950	0.950	0.571	0.842	0.000	0.765	1.000	0.200	0.857	0.833	0.000	0.960	0.875	0.375	0.667	0.786	0.857	0.000	0.500	0.857	0.000	1.000	1.000	0.947	0	1.000	0.000	1.000	0.923	0.667
1.000	1.000	1.000	1.000	0.833	1.000	0.625	1.000	1.000	1.000	1.000	1.000	1.000	0.875	1.000	1.000	0.875	1.000	1.000	0.875	1.000	1.000	1.000	1.000	1.000	1.000	1.000	1.000	1.000	1.000	1.000	1.000	1.000	1.000	1.000	0	1.000	1.000	0.000	1.000
0.800	0.800	1.000	1.000	1.000	1.000	1.000	0.600	0.800	1.000	1.000	1.000	1.000	1.000	1.000	1.000	1.000	1.000	1.000	1.000	1.000	1.000	1.000	0.800	1.000	1.000	0.800	1.000	1.000	1.000	0.000	1.000	1.000	0.800	0.000	1.000	0	1.000	0.800	1.000
1.000	0.625	1.000	1.000	1.000	0.400	1.000	1.000	1.000	0.875	1.000	0.750	1.000	0.500	1.000	0.625	1.000	1.000	0.571	0.750	1.000	1.000	0.875	1.000	1.000	0.750	1.000	1.000	0.875	0.000	1.000	1.000	0.625	0.625	1.000	1.000	1.000	0	1.000	0.500
0.400	1.000	1.000	1.000	0.833	1.000	0.692	1.000	1.000	1.000	1.000	0.923	0.714	0.769	1.000	0.923	0.923	1.000	1.000	0.917	1.000	1.000	1.000	0.923	1.000	0.846	1.000	1.000	1.000	1.000	0.857	1.000	0.900	0.923	0.923	0.000	0.800	1.000	0	0.846
0.800	0.769	1.000	1.000	0.667	0.600	0.933	0.800	0.889	1.000	1.000	0.900	0.857	0.684	0.455	0.765	0.810	1.000	0.714	0.667	0.933	1.000	0.750	0.938	1.000	0.500	1.000	1.000	1.000	0.643	0.857	1.000	0.700	0.842	0.667	1.000	1.000	0.500	0.846	0
